101871900008113
101871900008170
101871900008659
101871900008238
101871900004591
101871900004625
101871900004716
101871900008121
101871900006034
101871900008618
101871900004575
101871900004690
101871900008626
101871900004732
101871900004815
101871900008246
101871900008105
101871900008188
101871900008139
101871900008642
101871900014707
101871900004757
101871900004666
101871900008162
101871900008154
101871900004849
101871900004641
101871900004542
101871900006067
101871900008196
101871900008204
101871900008295
101871900008220
101871900004559
101871900004583
101871900008303
101871900004633
101871900004658
101871900006042
101871900008378
101871900004831
101871900004682
101871900004708
101871900008311
101871900004724
101871900008352
101871900008279
101871900006075
101871900008428
101871900004765
101871900004856
101871900004807
101871900004740
101871900006174
101871900008675
101871900004872
101871900008337
101871900008394
101871900005143
101871900008444
101871900004989
101871900006091
101871900008402
101871900004864
101871900005473
101871900005002
101871900006232
101871900005036
101871900014657
101871900005481
101871900005101
101871900005465
101871900006182
101871900006323
101871900005523
101871900005028
101871900005366
101871900005325
101871900006141
101871900005606
101871900005499
101871900000813
101871900006315
101871900005655
101871900005549
101871900005127
101871900005457
101871900005887
101871900005747
101871900000524
101871900005960
101871900005838
101871900005804
101871900000912
101871900000664
101871900008634
101871900004617
101871900004609
101871900005010
101871900004997
